ID,Adoption,Died,Euthanasia,Return_to_owner,Transfer
1,0.00629691173301,2.55519274116e-05,0.00299052896403,0.0817351253634,0.908951882012
2,0.788662713341,0.000217073317517,0.00722279305808,0.155594917566,0.0483025027171
3,0.453753917101,5.92465855027e-06,0.0104892091451,0.283051994861,0.252698954234
4,0.0468241219918,0.000715655562015,0.069333979198,0.445824981234,0.437301262014
5,0.430203768246,0.00104537240459,0.0156833321639,0.456763896895,0.096303630291
6,0.160779413304,1.80622289182e-05,0.0487531546036,0.628280044416,0.162169325448
7,0.559962936479,0.000433766243288,0.146200803443,0.189784642276,0.103617851559
8,0.881159250281,2.07010861992e-05,0.0219562721198,0.0039529305648,0.0929108459479
9,0.867572862496,3.107178291e-06,0.000112679096302,0.0502827525221,0.0820285987074
10,0.693616278251,2.46749627047e-05,0.0157187649789,0.242634210928,0.0480060708797
11,0.927464252739,2.51485459846e-07,0.000314359580488,0.0474884681864,0.0247326680084
12,0.00154155788962,0.000892180911347,0.105275976082,0.132488144491,0.759802140626
13,0.484941841201,7.50093739467e-07,0.00310762847418,0.04221995117,0.469729829061
14,0.875449520035,0.000633162353627,0.0054163401211,0.0189632387247,0.0995377387659
15,0.97347588948,5.79350091719e-07,0.000493014969394,0.0229729147139,0.00305760148667
16,0.894651519091,1.91196557086e-06,8.97690421489e-05,0.0376788385055,0.0675779613962
17,0.222573782398,3.50146952856e-05,0.0285621794264,0.706238742248,0.0425902812317
18,0.818819574599,2.99599129874e-06,0.000266647084396,0.176187603459,0.00472317886637
19,0.336314107464,0.00128021387656,0.00700426702976,0.138307243462,0.517094168167
20,0.000733956152616,9.55925559933e-06,0.216428794123,0.00858358856272,0.774244101906
21,0.717824179167,8.31917681448e-07,0.0167993781145,0.170850202742,0.0945254080591
22,7.57658319058e-05,7.78101118033e-06,0.0141756350426,0.00216902792486,0.983571790189
23,0.466208151703,5.01605374384e-06,0.0865988439951,0.171346885432,0.275841102816
24,7.17829199372e-05,9.67803204064e-10,0.00449458312555,0.000126368039455,0.995307264947
25,0.558287973421,0.00110915261894,0.00729187345776,0.16485625817,0.268454742332
26,0.244539491093,9.53952879647e-05,0.0533467450891,0.125205546953,0.576812821576
27,0.966883199712,3.5363566301e-05,0.0010008846147,0.00585434213385,0.0262262099732
28,0.00306638286042,0.00321517202429,0.00941426134759,0.000719089402473,0.983585094365
29,0.465826843122,0.000113898390308,0.0674689875198,0.386501853102,0.0800884178662
30,0.350293091276,0.00229897943064,0.00555458424136,0.53660889487,0.105244450182
31,0.281963877711,0.0289696410418,0.00581897600837,0.299224747369,0.384022757869
32,0.907429783663,9.58758073693e-07,9.01273490019e-05,0.0182030904943,0.0742760397352
33,0.0916972514298,0.000597776083999,0.111133881407,0.148526430139,0.648044660941
34,0.995107538119,0.000122805599249,5.45862481144e-05,0.00378986217605,0.000925207857288
35,0.299860043537,0.000771573221852,0.0283653985164,0.00557579900626,0.665427185718
36,0.589606920777,1.16992664307e-05,0.0296852712601,0.19208563624,0.188610472457
37,0.0163580280881,0.00184210805279,0.0191187463828,0.000733343225541,0.961947774251
38,0.966917457974,1.95318572643e-08,3.70939577321e-05,0.0204954623292,0.0125499662071
39,0.437936502948,3.70580245649e-07,0.00301543930997,0.528085411081,0.0309622760813
40,0.357677001131,0.000112141159813,0.00327624916689,0.0306792229842,0.608255385558
41,0.0216213053923,0.000563738583058,0.0783995711867,0.281978039385,0.617437345453
42,0.000549365632159,0.0375538931579,0.0473837357933,0.000211058871107,0.914301946546
43,0.416679811553,1.42947140708e-05,0.00390663439524,0.0491584964582,0.530240762879
44,9.75262528377e-05,0.000856079800235,0.0339818167781,4.36931465563e-05,0.965020884022
45,0.291129635101,0.00127371602797,0.2417790355,0.0751479211001,0.390669692271
46,0.216341331846,8.81159362619e-05,0.00597375810803,0.0336975560149,0.743899238095
47,0.585712206828,0.0001636290719,0.0262389553666,0.114078065147,0.273807143587
48,0.356025334901,1.48198689544e-05,0.161323507594,0.262514995299,0.220121342337
49,0.344577416001,2.82033668307e-06,0.00443520068381,0.45548713378,0.195497429198
50,0.0067637274442,7.33974038537e-05,0.0119873822931,0.271331664645,0.709843828214
51,0.0703638611409,0.00327215261821,0.0188701898126,0.00565900272206,0.901834793706
52,0.126321088542,1.96241941429e-05,0.0185252305858,0.801533428782,0.0536006278962
53,0.985050982184,4.52727924382e-06,9.01368311133e-05,0.00223546876213,0.0126188849438
54,0.0196067509934,0.00709788506312,0.00541272345181,0.00110847534428,0.966774165147
55,8.11341019619e-05,0.000160618550091,0.767572466398,0.00189405252593,0.230291728424
56,0.632164852929,0.00057527615378,0.00635768036824,0.0544593711866,0.306442819362
57,0.665896162956,5.27693544798e-06,0.00100852014039,0.269362135721,0.0637279042477
58,4.35245424468e-06,9.12478333479e-06,0.00360191187617,1.73992705473e-05,0.996367211616
59,0.000120138381779,0.000155736874223,0.0806423697117,0.000738315018304,0.918343440014
60,0.974963415653,3.74665484445e-07,2.2430442131e-05,0.00606658339177,0.0189471958472
61,0.967823704055,4.94604140924e-06,0.000942151394257,0.0113415802411,0.0198876182684
62,0.169903338828,1.14719895962e-06,0.113312655312,0.550351643111,0.166431215549
63,0.664063242525,6.39343408119e-06,0.00440096757533,0.179664214668,0.151865181797
64,8.09316272832e-05,0.000547985415102,0.0135800946561,7.64262447981e-05,0.985714562057
65,0.00020836926426,0.000304733192594,0.0362912050437,0.00014015537872,0.963055537121
66,0.594520772754,6.45759074251e-05,0.0227376259717,0.365296639643,0.0173803857232
67,0.969557304029,1.5093462784e-06,0.000792137605979,0.00637211694743,0.0232769320714
68,0.181705412515,0.0194990250197,0.126247354013,0.206292835252,0.4662553732
69,0.532051112335,6.99623748117e-06,0.012794036348,0.377656668277,0.0774911868028
70,4.22684845019e-05,3.5061068631e-05,0.00318917908229,0.00129893052725,0.995434560837
71,0.000330214566428,0.00438379192779,0.00604283968025,0.0127194153323,0.976523738493
72,0.968805998622,1.78102507002e-06,3.5822557477e-05,0.0221793432283,0.00897705456709
73,3.9688399841e-06,3.31002184424e-06,0.0125750391327,7.74999154622e-06,0.987409932014
74,0.340351942532,2.4062361211e-05,0.0144983495922,0.355420262482,0.289705383033
75,6.48776935212e-05,0.000421984720993,0.00758633802971,0.000323048037358,0.991603751518
76,0.958422105582,0.000693224261904,0.000514968617264,0.000386770141309,0.0399829313977
77,0.891520800981,2.16722278324e-07,0.00041292294184,0.000276098387384,0.107789960967
78,0.0314702843665,4.6555408797e-05,0.149958835273,0.00146595170796,0.817058373244
79,0.609803615625,2.31576358456e-05,0.0359932437888,0.181630942662,0.172549040288
80,0.996736215249,1.15212548609e-06,1.80132504676e-05,0.000210298909621,0.00303432046536
81,0.00074983185046,2.86383598649e-05,0.00177058625969,0.0108627954218,0.986588148108
82,3.7037556126e-06,5.24603304546e-06,0.000444788451093,3.33009461843e-05,0.999512960814
83,0.49610813364,1.82845358287e-05,0.00620517472889,0.399592698155,0.0980757089401
84,9.39656547752e-05,0.000462834967324,0.0117372028428,0.00329140117447,0.984414595361
85,0.667404854686,2.09558596923e-06,0.0235885864511,0.300625459508,0.00837900376892
86,0.0455540105795,0.0451187076397,0.0712221793086,0.00155560054184,0.83654950193
87,0.0544812725518,0.000703954315221,0.155978896568,0.642605792166,0.146230084398
88,0.498553482836,9.81468223872e-07,0.0383158222415,0.240345403109,0.222784310345
89,0.000875563246287,7.88830608103e-05,0.222863004621,0.0109358775032,0.765246671568
90,0.871185289062,1.71381346694e-05,0.000365589358293,0.00078463535088,0.127647348094
91,0.000209911168654,1.53121543034e-07,0.942640729395,0.000532951835025,0.0566162544794
92,1.48575118557e-05,5.18852656674e-06,0.0224721278509,9.94106868525e-05,0.977408415424
93,0.632601596161,8.20662340036e-06,0.00303238670144,0.00333811949693,0.361019691017
94,0.347995419914,0.000236965112907,0.0440782005041,0.455080801008,0.152608613461
95,0.0043023580167,4.28474687408e-05,0.0132955511804,0.00403570633244,0.978323537002
96,0.451879852565,7.83701769504e-08,0.0017286538196,0.463746692454,0.0826447227913
97,0.263044468752,2.41965493692e-05,0.110625880265,0.398192491287,0.228112963146
98,0.000228949039861,0.000366924044462,0.0145110861701,0.000169546981326,0.984723493764
99,0.195284617331,0.000320660682334,0.00302475650234,0.00301641138254,0.798353554102
100,0.339956565503,0.000191760399535,0.0397697788937,0.452527017496,0.167554877707
101,0.8879906945,1.1220757394e-06,0.000364550944004,0.00175035038225,0.109893282098
102,0.921817962849,6.06362213339e-08,0.0138357790265,0.0535429626042,0.0108032348841
103,0.095815330973,4.47650059451e-08,0.0224176135727,0.242521913837,0.639245096852
104,0.66158737841,1.01245740305e-06,0.0376739852729,0.161205558459,0.139532065401
105,0.623690751111,2.66130876785e-06,0.00213881491356,0.11468075873,0.259487013937
106,0.573685561909,1.18563570098e-06,0.00902045737924,0.20739138468,0.209901410396
107,0.341820919042,1.28758157453e-06,0.0141457169298,0.595100011072,0.0489320653752
108,0.00253434459083,3.03456290643e-05,0.00612196833499,0.281652153558,0.709661187887
109,0.999068985303,1.04247699089e-07,7.02308050592e-07,1.40028712022e-05,0.000916205269635
110,0.508938861352,1.70984071203e-05,0.0199468606814,0.273464791477,0.197632388083
111,0.374211395808,1.14068537102e-05,0.0307768925602,0.459664605797,0.135335698981
112,0.577687743267,0.000173770018693,0.0641148090973,0.178306598397,0.179717079221
113,0.365885944695,2.82122168174e-08,0.000854459332664,0.620787808119,0.0124717596409
114,0.264660282632,1.83150805508e-05,0.022970112502,0.478889120483,0.233462169303
115,7.15374932023e-05,1.87071386281e-05,0.00224722263121,0.000108832801347,0.997553699936
116,0.864649504067,1.02499084483e-06,9.38435781072e-05,0.03794814657,0.097307480794
117,0.891598006488,4.05179973429e-06,5.12956445194e-05,0.0990459543806,0.00930069168665
118,0.0194670408338,2.37992100396e-05,0.0378503937034,0.210584695732,0.732074070521
119,0.00275102821166,4.33994322556e-08,0.00586457623447,0.991066887234,0.000317464920066
120,0.570530117241,4.1339564322e-05,0.11079868743,0.0474620169433,0.271167838821
121,0.580298198441,3.20080554385e-06,0.00157176631575,0.00202769024656,0.416099144191
122,0.725257646632,2.440377088e-07,0.000207662469951,0.00131577755949,0.2732186693
123,0.988341353315,1.07642984382e-06,0.000157319320685,0.00559596195094,0.00590428898397
124,1.63491576283e-05,2.78349933231e-05,0.00427644244036,0.00010912077582,0.995570252633
125,6.28497693698e-05,1.44258336433e-05,0.0257189239728,0.00327253255641,0.970931267868
126,0.92319873678,0.000196686830131,0.000661828337461,0.0591373038405,0.0168054442118
127,0.00714144500197,2.2492707916e-06,0.0244947225157,0.000169521794482,0.968192061417
128,0.959216122689,0.000110723347513,0.00103710125927,0.0127604185066,0.0268756341977
129,0.996626984228,5.39253292832e-09,0.000152567595946,0.00111782237583,0.00210262040749
130,0.727865217996,2.05305821914e-06,0.0150485677181,0.251542460169,0.00554170105893
131,0.350464640291,0.000121989885678,0.0055717113636,0.478817634115,0.165024024344
132,0.993707045636,4.99943224715e-07,0.00111425647861,0.00342094784182,0.00175725010059
133,0.760342608707,4.80986099505e-05,0.000516593279307,0.00511091232412,0.23398178708
134,0.178586726917,2.21773751092e-05,0.00459150600249,0.662528039549,0.154271550156
135,0.425074997681,2.41881346975e-06,0.0391755507204,0.0249757779591,0.510771254826
136,0.409795671984,1.88948087234e-05,0.0193173216656,0.539710089228,0.0311580223138
137,0.178656605718,1.79843039793e-05,0.0233266878443,0.288131550335,0.509867171799
138,1.10492213722e-05,1.59646904159e-09,0.00111057232483,7.3822243708e-05,0.998804554614
139,0.238980655979,2.69932027778e-06,0.0122410136893,0.719273781713,0.0295018492984
140,9.43429467035e-05,6.07315875416e-12,1.10666992056e-06,8.65668420924e-06,0.999895893693
141,0.628771635922,0.000136279263835,0.00110087861336,0.187629494085,0.182361712116
142,0.212530774325,0.000419339784375,0.0856843285563,0.000885991441832,0.700479565892
143,0.301696027715,5.02487449915e-05,0.0127216140475,0.292657499739,0.392874609753
144,0.257514302178,2.93544551783e-05,0.00559369844658,0.418988940084,0.317873704836
145,0.176021776465,6.15671903155e-05,0.0270173725785,0.375894400281,0.421004883485
146,0.506229040781,2.39493802704e-05,0.0142995634982,0.30734674,0.17210070634
147,0.549760530094,0.000479752580622,0.108610820722,0.136433988931,0.204714907673
148,0.358379934223,2.60895058947e-06,0.0139371884201,0.457868192957,0.16981207545
149,7.44084498992e-05,0.000130936070448,0.013449481164,0.000297092158282,0.986048082157
150,0.0329214713156,0.000962298688214,0.00797699411629,0.000241405506303,0.957897830374
151,0.0815682252544,8.77813308424e-05,0.509465727732,0.0347273868552,0.374150878828
152,0.00176446358929,4.4465024588e-05,0.147869712108,0.0254064684431,0.824914890835
153,0.547042480368,2.06077396361e-05,0.000837041713903,0.0340632184063,0.418036651772
154,0.00343064543618,0.000133538974085,0.0583178152352,0.385541465788,0.552576534567
155,0.592610926511,1.37820704269e-05,0.000206659638799,0.0286151507205,0.378553481059
156,0.730602706409,1.57573802563e-05,0.000580689188884,0.0959350505602,0.172865796461
157,0.186822902894,4.28112671369e-06,0.0297138361172,0.601228078406,0.182230901456
158,0.000115770514548,1.16456609235e-05,0.0041244562508,0.000943218843793,0.99480490873
159,0.178491548724,1.39459337606e-06,0.00523661779068,0.0888815452865,0.727388893606
160,0.262542832919,3.48869006599e-05,0.0170024657452,0.384037307709,0.336382506726
161,0.565708619915,0.000139420976912,0.0259173136425,0.11807708193,0.290157563536
162,0.649541885355,0.00074782959143,0.00777071792024,0.110502154612,0.231437412521
163,3.97979912817e-05,4.94475133106e-06,0.000222618603719,1.56011082535e-05,0.999717037545
164,0.977487890186,3.1181813747e-06,0.000711216717406,0.00520498299775,0.016592791917
165,0.363738897253,2.3628416432e-05,0.0497244305099,0.361572631142,0.224940412678
166,0.595756706553,3.93953725361e-06,0.00128673778588,0.00502173286271,0.397930883261
167,0.477293017442,1.38443881135e-05,0.0160128719269,0.177150714191,0.329529552052
168,0.417664713888,1.78663641063e-06,0.0482474392527,0.193611384276,0.340474675948
169,0.0133075830627,4.97625875425e-08,2.14402514603e-06,0.983996755754,0.00269346739529
170,0.74151344287,1.17998401456e-06,0.000120713733171,0.010104398597,0.248260264815
171,0.000381210484191,4.38309908827e-07,0.0756865432818,0.000868531493593,0.923063276431
172,0.536888897928,0.000406554820423,0.0195814193899,0.239186422015,0.203936705846
173,0.425183470413,1.09126851979e-06,0.00762207478302,0.548897146176,0.0182962173597
174,0.511813807293,3.48692867686e-05,0.0261580823101,0.277488871738,0.184504369372
175,0.480478791616,0.000562795370831,0.0027047389566,0.450439426291,0.0658142477657
176,0.319146037918,5.32540770793e-05,0.00828786488521,0.00248275487516,0.670030088245
177,0.0787762599117,5.36774846937e-06,0.152220993819,0.605108586193,0.163888792328
178,0.966891145825,1.40750131843e-05,0.000968536475885,0.0103887054921,0.021737537194
179,0.374509347093,0.353463409104,0.0091747365097,0.0310843405844,0.231768166709
180,0.00475816790558,0.000541809973661,0.0683622534765,0.0367707262634,0.889567042381
181,8.71144449853e-05,7.01976945549e-08,0.00908551137646,9.52020533136e-05,0.990732101928
182,0.878745956009,0.000743182137131,0.00664774902893,0.00668563286324,0.107177479962
183,0.410721920133,0.000310754751264,0.0307797509454,0.305216686305,0.252970887865
184,0.326521097157,3.29623093815e-05,0.0212723233852,0.210496040982,0.441677576166
185,0.379430632431,1.55195967087e-05,0.0161652457757,0.441391760944,0.162996841253
186,0.0966398653913,3.38300956389e-06,0.00156713075902,0.845016378397,0.0567732424432
187,0.000105708110219,3.46517381594e-06,0.00312806847163,0.000689878580393,0.996072879664
188,0.41807302688,9.18817248887e-05,0.00443523275082,0.342005393058,0.235394465586
189,0.43056898324,4.34458251511e-05,0.000249188360912,0.00845216087302,0.560686221701
190,0.9831020458,9.16545154176e-08,1.02341893392e-05,0.00212017824856,0.0147674501078
191,0.719497914354,4.18247796294e-05,0.00287128621286,0.265686633051,0.0119023416027
192,0.552617486857,1.25559564653e-06,0.0377623354728,0.238823035452,0.170795886622
193,0.00939964840803,0.000856219632855,0.00362879773119,0.0514063356891,0.934708998539
194,0.41657459169,0.000327765782371,0.00239926524252,0.0361875926617,0.544510784623
195,0.812701454424,1.6974948967e-06,0.000105880287829,0.0159927054309,0.171198262362
196,0.935959229665,0.00963311006555,0.000123431774272,0.00417327065325,0.0501109578416
197,0.735235686645,5.93622164427e-06,0.00721356523724,0.232943817261,0.024600994636
198,0.728357052009,8.63537923684e-07,0.00974327370934,0.193467189559,0.0684316211846
199,0.468252742656,6.49802046822e-07,0.0036424006985,0.34593881018,0.182165396663
200,0.302471489585,1.49095938982e-05,0.0147787375491,0.460531171455,0.222203691818
201,0.00060890745306,4.00704427221e-05,0.0093381016912,0.00222041702685,0.987792503386
202,0.261855384361,0.000140454008947,0.00930359399978,0.200779214214,0.527921353417
203,0.723586678765,9.60852840931e-05,0.00214030867136,0.229210528331,0.0449663989479
204,0.977784168441,5.5444894399e-08,0.000589603310182,0.00477044572699,0.0168557270767
205,0.0124105472329,1.10491427399e-05,0.0567361859112,0.90675026056,0.0240919571529
206,0.473044404756,0.000754203283366,0.00514704634429,0.0904178662207,0.430636479396
207,0.338193376927,6.66013240957e-08,0.0169680368695,0.211103565258,0.433734954344
208,0.446459442337,4.24696808341e-07,0.00114235232389,0.548459085016,0.0039386956261
209,0.254215623775,2.15410251753e-06,0.00405207988077,0.357928144468,0.383801997773
210,0.736198692713,0.000144832436587,0.000919948763404,0.187529018142,0.0752075079443
211,0.000103673716668,0.000155695495834,0.0286041581358,0.000169835527572,0.970966637124
212,0.498050953945,1.43199235863e-05,0.0171211076707,0.363434437792,0.121379180668
213,0.465826843122,0.000113898390308,0.0674689875198,0.386501853102,0.0800884178662
214,0.710518941163,6.28382804787e-05,0.00319058850037,0.0411263492911,0.245101282765
215,0.000551142572201,2.15887550134e-05,0.008223256655,0.00310735705482,0.988096654963
216,0.705396262748,0.000142021631981,0.00264108833162,0.0404872842882,0.251333343
217,0.94811424747,0.000357731923089,0.00139840416068,0.00757968521411,0.042549931232
218,0.481515208751,6.43010974695e-05,0.00422351014021,0.0604804924464,0.453716487565
219,0.591131012505,5.6674549251e-05,0.0183087698152,0.136929994667,0.253573548463
220,0.564232149546,1.21412905658e-05,0.00359269896219,0.305263714982,0.126899295219
221,0.0176704629121,0.000499866203257,0.0157119776262,0.246039835145,0.720077858113
222,0.00267031557143,0.0215631367199,0.0459245509846,0.000121540704477,0.92972045602
223,0.107809720191,0.0799517491649,0.198503320993,0.000211827780881,0.613523381869
224,0.465388099055,3.96002111005e-05,0.00303764729474,0.436642790931,0.0948918625082
225,0.000376640140827,1.20960356171e-06,1.2921984107e-05,0.998779296335,0.000829931936032
226,0.519617466866,0.000248156676219,0.0229806635168,0.198703032057,0.258450680884
227,0.0012936239958,0.000797879515872,0.237255123053,0.00164036466202,0.759013008773
228,0.000142173718052,9.76289162266e-06,0.000363783194038,0.00111948944885,0.998364790747
229,0.480708913948,1.38585955608e-06,0.0261738775325,0.170887342992,0.322228479668
230,0.000425575248747,5.8070294911e-05,0.334049337369,8.50034419035e-05,0.665382013646
231,0.982334710855,1.46897985198e-05,0.000152732471159,0.0146011909324,0.00289667594299
232,0.999487863101,1.39351014387e-07,1.59000816289e-06,0.000183968330381,0.000326439209793
233,0.00013399865514,3.48769619478e-07,0.000259391300479,2.79808677335e-05,0.999578280407
234,0.0125699494411,1.39461504855e-05,0.20991762045,0.398750316141,0.378748167817
235,0.273519638738,9.2157512001e-06,0.0397492530515,0.570927093873,0.115794798586
236,0.949444609239,5.83469630213e-06,0.00036719504843,0.00643533196885,0.0437470290479
237,0.25219772046,1.95195063732e-06,0.0302406987244,0.164707656984,0.552851971881
238,0.0120990110734,2.29994676328e-05,0.0154520545615,0.0173346751309,0.955091259767
239,0.527934062265,1.98054381858e-05,0.00135379637281,0.442644817637,0.0280475182872
240,0.709549934955,0.000365412495837,0.00218732218399,0.018780545231,0.269116785135
241,0.997997730585,1.26169730353e-08,1.54438202769e-06,0.000830269927834,0.00117044248779
242,0.55719435688,8.61306720944e-05,0.0194414400575,0.227694716771,0.195583355619
243,0.994464286127,1.25059336732e-07,3.3239107299e-05,0.0018027529216,0.00369959678434
244,0.370895092164,8.26524520159e-05,0.00553620332449,0.104900076778,0.518585975282
245,0.373239173952,3.070225332e-05,0.164838811977,0.151635945425,0.310255366393
246,0.56770899398,1.71913123531e-05,0.0100426998466,0.250734795308,0.171496319553
247,0.275205511181,1.75892537253e-05,0.0100806366499,0.106779129185,0.607917133731
248,0.675327983076,1.86431395502e-06,0.00284726179756,0.193883272309,0.127939618503
249,0.411639551907,9.58141950887e-07,0.0293695433369,0.291394709853,0.267595236761
250,0.986023329083,2.8085304697e-07,0.000152021352604,6.20012692935e-05,0.0137623674424
251,5.41908927688e-05,9.63016160966e-09,0.000853594532059,0.969621257799,0.0294709471459
252,0.351884064132,2.87833845468e-06,0.0230870230244,0.482585545703,0.142440488803
253,0.000165122574443,0.000117685986621,0.0172380646606,0.000877465960325,0.981601660818
254,0.302110812033,7.25416616484e-07,0.199731025466,0.430563632682,0.0675938044028
255,0.000315092355409,4.3842171742e-06,0.166873971415,0.000920490169185,0.831886061843
256,0.441996232451,4.62195846416e-06,0.0138978766004,0.278021757043,0.266079511947
257,0.147451017557,1.57200983346e-06,0.0293258016771,0.085848719536,0.73737288922
258,0.347625678375,3.19744364893e-06,0.00355752591395,0.0341467733326,0.614666824935
259,0.102990768089,4.66225577538e-05,0.0533624355094,0.662738389568,0.180861784275
260,0.98366379412,1.86055457106e-06,4.39559392398e-06,0.00408324875618,0.0122467009758
261,0.762142266876,2.5972402346e-06,7.11835668897e-05,0.0847042400931,0.153079712224
262,0.591094742698,0.000387664299238,0.0496344076606,0.117280565058,0.241602620284
263,0.913059423422,1.92148394255e-06,0.000405429017947,0.0594872705795,0.027045955497
264,0.55122627992,2.93539504296e-06,0.00589927793946,0.200838640739,0.242032866006
265,0.30779330048,4.51818713651e-05,0.00764766534317,0.443926624162,0.240587228144
266,0.354694526333,0.000232551363364,0.257473199833,0.0719397224906,0.31565999998
267,0.00318666039798,0.0013862585716,0.0859008686481,0.0339565394272,0.875569672955
268,0.00112444618554,0.00436404828253,0.184138705192,0.0137000584847,0.796672741856
269,1.23780688179e-05,0.000191401292899,0.00217591503197,4.8073201056e-05,0.997572232405
270,0.967414582063,1.51071324787e-05,0.000556657626489,0.0208529276164,0.0111607255617
271,0.00541503056816,0.00277401983212,0.023085172696,0.000685006307831,0.968040770596
272,0.0432912621453,0.00901035542589,0.878600670428,0.00400106237617,0.0650966496247
273,0.0468666578702,0.00228082012885,0.0484816388854,0.514399498156,0.38797138496
274,0.0175718028039,0.000304077833384,0.168324477977,0.0212942607734,0.792505380612
275,0.0454437318218,0.000811211755393,0.603481947239,0.0680704803072,0.282192628877
276,2.09882913857e-05,1.87268790767e-06,0.00341496977168,0.000188515449884,0.996373653799
277,7.48608409208e-06,8.8683032774e-09,0.000182978712959,0.000289768908288,0.999519757426
278,0.0422097678235,0.0148980999362,0.0225290339479,0.0350711694016,0.885291928891
279,0.1818521942,0.00353070385556,0.00276532414544,0.0126199914441,0.799231786355
280,0.0170706122017,0.000646576798484,0.00860585967134,0.144864211387,0.828812739942
281,0.422113502188,8.2816381859e-05,0.0612268408227,0.292964443076,0.223612397532
282,0.507030509718,4.4216928597e-07,0.019950399479,0.16818193462,0.304836714014
283,0.00124829126473,0.00106977250345,0.0522277646083,0.046266494953,0.89918767667
284,0.847774113833,5.56200689448e-05,0.000928348217217,0.00388851495588,0.147353402925
285,0.179770034297,0.0007709888502,0.0250616416386,0.688094125385,0.106303209829
286,0.33067692452,1.32377331849e-05,0.0461466761042,0.2951732645,0.327989897143
287,0.00206316223158,0.000233244401599,0.00730845662715,0.000197427660065,0.99019770908
288,2.09026976886e-05,1.01020582638e-07,0.00276344564365,0.000147128660409,0.997068421978
289,0.758069754078,5.48240878192e-07,0.00343112350908,0.141151398838,0.0973471753346
290,0.23134209179,0.000132649709064,0.0562403595648,0.644734113189,0.0675507857471
291,0.926326364602,4.33160336705e-05,0.00376706336013,0.0382101182353,0.0316531377688
292,0.998031743683,1.06327273152e-06,2.77607453676e-05,0.000185180741378,0.00175425155799
293,0.981931324976,1.5834188023e-05,0.000455253471939,0.00616982460933,0.0114277627544
294,0.00240316499231,1.56109919982e-07,0.0148212398875,0.113340030404,0.869435408606
295,0.204417932194,1.02861693081e-05,0.0680999337138,0.61829352852,0.109178319403
296,0.00114716952605,0.000332955474648,0.0113967628189,0.00571520381862,0.981407908362
297,0.390032548683,0.00365714134373,0.096200123906,0.322844531843,0.187265654225
298,0.00479183002304,0.000571563509595,0.0438855869687,0.0200011870377,0.930749832461
299,0.572805892701,0.000188658696884,0.0215053220636,0.157068590948,0.24843153559
300,0.366402158204,0.000136750094987,0.0215849567797,0.34315109176,0.268725043161
301,0.809839559118,4.2322028022e-06,0.00163335074494,0.179455808827,0.00906704910719
302,0.893963894771,2.12884793628e-07,0.000455795630514,0.00133674667555,0.104243350038
303,0.96447000136,1.08923425567e-06,0.00111744216672,0.025664346752,0.00874712048728
304,0.541299764631,0.000556332544138,0.0505092123795,0.151227520738,0.256407169707
305,0.00047776914878,3.67256749834e-05,0.837017458707,0.0109297218685,0.151538324601
306,0.0174632700474,3.85498587032e-08,0.628173582519,0.353949744608,0.000413364275483
307,0.980813421519,0.000656522133804,0.00109105549919,0.0091968198819,0.00824218096641
308,0.269255950029,0.000105821392673,0.0128220812545,0.136961769503,0.58085437782
309,0.995995292607,2.6474772951e-07,9.31830811804e-05,0.00232030915889,0.00159095040498
310,0.0205068747981,0.000829806817052,0.00379719906075,0.000808660347273,0.974057458977
311,0.402329064958,0.000115543961387,0.0220310393942,0.200170818849,0.375353532838
312,0.875437015801,1.47967606715e-05,0.00716680747071,0.0099463803609,0.107434999607
313,0.00557071822255,0.00341673643903,0.0967266774553,0.0268544734875,0.867431394396
314,0.298122461014,5.9789996642e-06,0.0180551707048,0.365026481598,0.318789907683
315,0.000266276019302,0.000219659892569,0.000230366689418,8.98833453861e-05,0.999193814053
316,0.481896979682,1.49603435847e-05,0.0227496350203,0.433423610047,0.0619148149075
317,0.341824324826,1.67258750443e-06,0.0148943772319,0.587659391786,0.0556202335684
318,0.947223941973,9.40542441983e-06,0.000156146276702,0.00668578113968,0.0459247251857
319,0.000209859617434,1.36246506212e-07,0.000341161231703,5.6293934148e-05,0.99939254897
320,0.419511034207,1.23414891148e-05,0.0167199250904,0.485594957905,0.078161741309
321,0.263797431631,0.000256985140419,0.0547856975273,0.216317299312,0.464842586389
322,8.91589479203e-05,5.23571426319e-06,0.0276224516669,0.000706174989933,0.971576978681
323,1.75743199494e-05,4.21586932965e-06,0.00318775019477,8.35221814707e-05,0.996706937434
324,0.999094113877,4.39970446795e-08,1.03080083719e-05,2.78341895954e-06,0.000892750698323
325,0.916640848372,0.000147443945244,0.000280479148443,0.0166983920636,0.0662328364707
326,0.940038618013,7.65403811337e-05,0.000167098743346,0.00794864793401,0.0517690949289
327,0.915513274895,7.7979488779e-08,3.49535841585e-05,0.01014746277,0.0743042307711
328,0.290315957737,8.76931064928e-06,0.112142241583,0.408779014622,0.188754016747
329,0.765053280181,1.43431042003e-06,0.00180811937241,0.119807549177,0.113329616959
330,0.0581801208095,1.67560158985e-05,0.161975721851,0.0700926900579,0.709734711266
331,0.733245276348,5.8630947901e-07,0.0868525679325,0.166008747079,0.013892822331
332,0.00215204234401,3.3707222285e-06,0.0289795215933,0.000138517307947,0.968726548033
333,0.985467306174,1.07460540899e-05,0.000241885525711,0.00846259599879,0.0058174662472
334,0.521317150523,1.09890579502e-07,0.000700229508627,0.0330216340926,0.444960875986
335,0.00104392405948,7.16375876255e-05,0.0185195729557,0.00341355320762,0.97695131219
336,0.911903237696,9.36686114986e-05,0.00618596749381,0.0182762446823,0.0635408815168
337,0.000155353751752,8.21893763599e-05,0.887363014404,0.0228675465625,0.0895318959053
338,0.116932913419,2.88121670478e-05,0.00409431207896,0.207283607752,0.671660354583
339,0.00604355662758,0.000519375639244,0.0228671529826,0.00700776118357,0.963562153567
340,0.438884822481,0.0115369995216,0.00549469563241,0.449674919464,0.0944085629013
341,0.168771888099,6.53337320446e-08,0.0217072494078,0.114146524924,0.695374272235
342,0.85001673357,0.00012752676619,0.00523080764971,0.0185659536654,0.126058978349
343,0.00150086671032,0.00771630569642,0.958892351569,0.00327961657748,0.0286108594469
344,0.570250680358,3.60909507703e-05,0.00175730511929,0.235682948399,0.192272975173
345,0.629124745452,3.4836706721e-05,0.000941924599152,0.120225899053,0.249672594189
346,0.691754860998,3.81195742257e-06,0.00548387021569,0.251141649799,0.0516158070304
347,0.14966423509,6.02816443383e-06,0.0062587994907,0.503987743693,0.340083193561
348,0.0229555393978,0.00090026422277,0.0671138891703,0.00118665516713,0.907843652042
349,0.100852021527,2.32471119037e-06,0.0403613507874,0.804965089882,0.0538192130916
350,0.706360473184,1.20998097407e-06,0.0728956037732,0.0738723107424,0.14687040232
351,0.867631246552,2.96129198544e-05,0.00139460142528,0.0250542452316,0.105890293872
352,6.14778762453e-05,2.89297744622e-06,0.0547379031271,0.000170934805275,0.945026791214
353,0.274069661795,0.000263287106523,0.00844520379971,0.661593337718,0.0556285095813
354,0.463366144092,2.26270034991e-07,6.99023403383e-05,8.63125583778e-05,0.536477414739
355,0.486941983315,3.78983460328e-05,0.0346993522237,0.327782499971,0.150538266144
356,0.00034082765938,0.00849518461065,0.97298404412,1.10704336124e-05,0.0181688731759
357,0.339097620349,1.69676042019e-07,7.09965847414e-05,0.00447807587532,0.656353137515
358,0.208759992893,7.96700834876e-06,8.60380719003e-05,0.0155484617952,0.775597540232
359,0.823664392994,0.000630374182503,0.00399744536956,0.00122347862267,0.170484308831
360,0.615091529843,1.01953009741e-06,0.000291226361938,0.00449623308214,0.380119991183
361,0.985586445735,1.36087968984e-06,0.000760136033533,3.21733391247e-05,0.0136198840124
362,0.235811760567,0.000173036963094,0.0751073332593,0.450434839578,0.238473029633
363,0.117268975824,0.00100506760483,0.00779321994684,0.77219678463,0.101735951995
364,0.876631224866,2.15170431611e-05,9.72482100965e-05,0.000151095407921,0.123098914473
365,0.488126659624,7.22422741131e-06,0.0127673774064,0.0574369671083,0.441661771634
366,1.06504893475e-06,9.58707615696e-08,0.62409871281,0.18058068034,0.19531944593
367,0.340545227153,0.000104214103149,4.99029164329e-05,0.00842634024982,0.650874315578
368,0.654388921247,0.000263526397624,0.0450356187427,0.0122822704096,0.288029663203
369,0.000202729529116,3.2467687582e-05,0.0154578040764,9.25279038802e-05,0.984214470803
370,0.138325766783,2.38932625792e-05,0.00464748095763,0.114980003149,0.742022855848
371,0.764449199615,4.53322108576e-06,0.00712909362645,0.126007583469,0.102409590069
372,0.867775255639,0.00030984116993,0.00316615852572,0.0354997183049,0.0932490263601
373,0.983453199362,2.27848580249e-07,0.000386721444729,0.0149884554647,0.00117139587968
374,0.854539259024,2.42225945436e-05,0.00251312242904,0.0549709573712,0.087952438581
375,0.0003241219204,4.27544626693e-05,0.0130044534568,0.000423795959637,0.986204874201
376,0.24591453569,0.000121670537736,0.00363893447461,0.682680800988,0.0676440583093
377,0.376512874936,2.34223202333e-06,0.153784495444,0.321562958446,0.148137328942
378,0.572624117999,4.11718465314e-05,0.0115428194751,0.372688382389,0.04310350829
379,0.388506586464,0.000110496345787,0.00764800268858,0.117708323241,0.48602659126
380,0.122999593863,0.0058329407034,0.0140249678126,0.00522876254722,0.851913735073
381,0.883091222789,1.27879556065e-05,0.000594030030683,0.0029235480973,0.113378411127
382,0.000482547403605,0.00274566419261,0.0101437378967,0.00256916230583,0.984058888201
383,0.000185252818244,0.783670721256,0.0315926462416,0.000128652419171,0.184422727265
384,0.000407145365757,0.00318609698902,0.354435136488,0.0163931670198,0.625578454138
385,0.606998483714,0.000298382538604,0.0420505889826,0.252645158606,0.0980073861591
386,0.0630553982682,8.2146268296e-07,0.00602450059328,0.574670614422,0.356248665254
387,0.000148790189734,7.36782937808e-08,0.00501780787397,6.88853829441e-05,0.994764442875
388,0.654535877153,2.17445272013e-06,0.00155586639768,0.276727997639,0.0671780843572
389,0.77147761429,2.21210030824e-06,0.000705174653832,0.0193160546948,0.208498944261
390,0.990622120003,2.62524508252e-07,0.00025457519484,0.0047060645967,0.0044169776814
391,0.0030898888309,1.34195777364e-06,0.00220462250593,0.989324158082,0.0053799886237
392,3.45351457348e-05,2.04731591453e-07,0.0248645055358,0.000291685103993,0.974809069483
393,0.987482702896,4.35747095079e-07,0.000106811726102,0.0035353158249,0.00887473380568
394,0.00467862575095,0.00172422302847,0.0187625597339,0.00603242112316,0.968802170364
395,0.297742575122,3.31678545058e-06,0.0156355753375,0.519781870466,0.166836662289
396,0.0527558974052,0.000165322662346,0.0183545377727,0.835122416491,0.0936018256685
397,0.0541700016528,1.45018006123e-05,0.155853597522,0.509047475639,0.280914423385
398,0.0641079503187,1.39585787268e-05,0.0259053033703,0.000572450769864,0.909400336962
399,0.672704414454,5.26158729227e-07,0.000208581073821,0.308391471746,0.0186950065681
400,0.979582123522,2.13542403998e-05,0.000109413471652,0.00419583121354,0.0160912775527
401,0.950326238745,5.15392674214e-07,0.000245930621968,0.00389049077754,0.0455368244633
402,0.444959796498,0.00198980804385,0.00328451166044,0.395964068918,0.153801814879
403,0.438571720155,4.36739601718e-07,0.000564252878325,0.551563142186,0.00930044804099
404,0.00249525655039,0.00219192791039,0.103910657519,0.000363404484745,0.891038753536
405,0.0105897383784,4.84275639078e-08,5.04913240187e-05,0.0127749439595,0.97658477791
406,0.29257279852,0.000451236937853,0.058990553357,0.533732641325,0.11425276986
407,0.771613216424,3.23277104021e-05,0.000171650202361,0.0120437269078,0.216139078756
408,0.0221757811679,2.35898381364e-05,0.00373225256713,0.806683864596,0.167384511831
409,0.939660604653,4.62084881873e-05,0.000672405598685,0.034027512131,0.0255932691296
410,3.56613717953e-05,9.02795679858e-06,0.0101432015758,0.000209800915485,0.98960230818
411,0.0700318996186,5.19358916907e-05,0.0798623818279,0.704705904727,0.145347877935
412,0.969623589671,7.28456575971e-07,0.000763132883534,0.00479427978669,0.0248182692018
413,0.689108355789,7.20889673077e-05,0.014859439958,0.13617069354,0.159789421746
414,0.992625448894,2.28458804534e-08,0.000132511288078,0.00261153463518,0.00463048233666
415,0.124481888683,1.38566094846e-07,0.00664298608025,0.69263932255,0.17623566412
416,0.999949515098,1.10981015553e-09,3.92190962869e-06,2.53546705145e-05,2.12072121736e-05
417,0.67218911191,9.24023005831e-08,0.00277954470214,0.317837551584,0.00719369940155
418,0.451106899357,0.000191197816747,0.0339257598941,0.184603486808,0.330172656124
419,0.962230996673,0.000953016258615,0.00220731039598,0.0113495119862,0.0232591646864
420,0.752336429297,3.24090174465e-05,0.0038293177401,0.0563160786721,0.187485765274
421,0.994943150184,3.58947978336e-08,1.27156681872e-05,0.00137101675145,0.00367308150149
422,0.00180938647527,0.00069117454264,0.0992939613137,0.000478104379522,0.897727373289
423,0.000189067416466,0.000462294538868,0.021768894372,2.90140504431e-05,0.977550729622
424,0.973875859128,0.000131318002597,0.00311762978603,0.00110638058175,0.0217688125021
425,0.295422140715,0.000891891332325,0.0214328010639,0.03693739875,0.645315768138
426,0.000860738228005,0.00015924544225,0.181186471148,0.0035079889164,0.814285556266
427,0.944788793852,5.31623456105e-05,0.000164028809461,0.0102841596516,0.0447098553415
428,0.000811365001457,7.48340604326e-05,0.261654508431,0.00198248612798,0.73547680638
429,0.154477157545,0.00891049393528,0.0101359332765,0.299398598618,0.527077816625
430,0.000161855734838,2.20007419376e-05,0.00397786631788,4.42971564612e-05,0.995793980049
431,0.610315289984,0.000102318594767,0.000147433726553,0.0102615960402,0.379173361654
432,0.203476505128,2.85541328561e-06,0.00590865376956,0.374111825386,0.416500160302
433,0.196925835804,2.75379685427e-05,0.0388875000551,0.394255422228,0.369903703944
434,0.13274578089,7.45451676613e-07,0.0302149097205,0.823200317454,0.0138382464835
435,0.000316166684375,0.000413576954131,0.0530941520864,0.00030841529221,0.945867688983
436,7.58817274569e-05,0.000113656851327,0.00651240004635,0.000205853566881,0.993092207808
437,0.305530163222,0.0020137166181,0.00207432379799,0.0850010832704,0.605380713091
438,0.617338940093,6.98534163759e-06,0.014462307514,0.213715766034,0.154476001018
439,1.32369871103e-05,5.13871061291e-05,0.000833530706798,4.45362044329e-05,0.999057308996
440,0.630925920918,0.000309288931668,0.000822737618891,0.0354288995998,0.332513152932
441,0.00089293062128,6.69993515775e-06,0.0396039892344,0.00690856911484,0.952587811094
442,0.57471219032,0.000251087472037,0.00151375005822,0.276568498731,0.146954473418
443,0.92843549897,0.00324765074075,0.000242882837283,0.0131619844155,0.0549119830367
444,0.538144329352,2.52592351715e-05,0.0373027319218,0.358132437908,0.0663952415825
445,0.470009598918,0.000219974421951,0.00375943440893,0.479527644781,0.0464833474695
446,0.373668510136,1.63326645856e-07,0.0254887424901,0.41385537287,0.186987211178
447,0.339243722409,0.00139056558962,0.0136546870902,0.0685272812121,0.577183743699
448,0.0296147572013,0.000943922123605,0.0558868624156,0.000217840108866,0.913336618151
449,0.309035853683,0.000583790066894,0.18798728971,0.0355079045484,0.466885161992
450,0.026053491514,0.000172166278725,0.0312526227436,0.13643669904,0.806085020423
451,0.000154574936561,8.96334632997e-06,0.0292228043518,0.000269010601488,0.970344646764
452,0.582733615836,5.88749487359e-08,0.179191290855,0.0067424825532,0.231332551881
453,0.644639754142,2.14207417111e-06,0.00154763059105,0.314404850008,0.0394056231839
454,1.34251399459e-05,5.32267342179e-06,0.0173433186616,0.000106557221097,0.982531376304
455,0.446083572159,1.27858349303e-05,0.0366086229482,0.422841435033,0.094453584025
456,0.775369226823,1.37162065282e-07,0.121746418641,0.063790528288,0.0390936890868
457,0.270978114595,7.44855541779e-06,0.000122212478186,0.00394277235312,0.724949452019
458,0.0232237349012,6.59774803704e-06,0.146030844135,0.295545015825,0.53519380739
459,0.44639573117,2.0644499756e-05,0.00289579935123,0.00353604912864,0.547151775851
460,0.000336908342408,6.8672790556e-05,0.0971376661144,0.00183773082743,0.900619021925
461,0.754671409384,5.10652674278e-07,0.000662931427096,0.201825841648,0.0428393068881
462,0.204147041817,1.47637622923e-06,0.226865884284,0.311549651635,0.257435945888
463,0.000257808262324,0.000342593554252,0.0516667889213,0.000573199746292,0.947159609516
464,0.0309394822466,5.16161353587e-05,0.151842659849,0.644813566128,0.172352675641
465,0.736198692713,0.000144832436587,0.000919948763404,0.187529018142,0.0752075079443
466,0.765867764551,4.31979433277e-05,0.00121257361248,0.161971020383,0.070905443511
467,0.00183872184199,0.00090647972802,0.335046646999,0.0706597404952,0.591548410936
468,0.669189734959,1.21977515657e-06,0.0341583215664,0.272274125353,0.0243765983468
469,0.474802294638,0.00042448161663,0.0166225479696,0.150831896311,0.357318779464
470,0.160750341999,8.99576906734e-06,0.00267084882049,0.0372924063511,0.799277407061
